2.959738233417128495e-01
8.409989249502455300e-01
1.213128521745125754e+00
9.078621542553854118e-01
5.283727200541143976e-01
1.506233067663761971e-01
-4.035478266830557215e-01
-5.429152793961644630e-01
-1.137340163310268881e+00
-1.005788774221225479e+00
-8.155903393420214087e-01
-2.493515882550964846e-01
3.722749267815911867e-01
7.779160164875339456e-01
6.961570708291878740e-01
8.118855509188220854e-01
8.747685338565387436e-01
6.301451161787746669e-01
-8.810022698278194286e-02
-4.135295473962915525e-01
